{
 "cells": [
  {
   "cell_type": "code",
   "execution_count": 40,
   "id": "ebf0f024-9cb7-48c9-af49-2bf2881250dc",
   "metadata": {},
   "outputs": [],
   "source": [
    "import torch\n",
    "import numpy as np\n",
    "\n",
    "\n",
    "MSKint32t = int\n",
    "PRINTLEVEL = 0\n",
    "LMD_TOL = 1e-4\n",
    "\n",
    "def set_print_level(level):\n",
    "    global PRINTLEVEL\n",
    "    PRINTLEVEL = level\n",
    "\n",
    "def construct_P_matrix(minimize_order, segment_num, poly_order, room_time, MQM, ptype):\n",
    "    min_order_l = int(np.floor(minimize_order))\n",
    "    min_order_u = int(np.ceil(minimize_order))\n",
    "\n",
    "    NUMQNZ = 0\n",
    "    NUMQ_blk = poly_order + 1  # default minimize the jerk and minimize_order = 3\n",
    "    if ptype.lower() == \"f\":\n",
    "        NUMQNZ = segment_num * 3 * (NUMQ_blk ** 2)\n",
    "    else:\n",
    "        NUMQNZ = segment_num * 3 * NUMQ_blk * (NUMQ_blk + 1) / 2\n",
    "\n",
    "    qval = torch.zeros(int(NUMQNZ),dtype=torch.double)\n",
    "    qsubi = np.zeros(int(NUMQNZ),dtype=int)\n",
    "    qsubj = np.zeros(int(NUMQNZ),dtype=int)\n",
    "\n",
    "    sub_shift = 0\n",
    "    idx = 0\n",
    "    s1d1CtrlP_num = poly_order + 1\n",
    "    s1CtrlP_num = 3 * s1d1CtrlP_num\n",
    "\n",
    "    for k in range(segment_num):\n",
    "        scale_k = room_time[k]\n",
    "        for p in range(3):\n",
    "            for i in range(s1d1CtrlP_num):\n",
    "                for j in range(s1d1CtrlP_num):\n",
    "                    if ((ptype.lower() == \"l\" and i >= j) or (ptype.lower() == \"u\" and i <= j) or ptype.lower() == \"f\"):\n",
    "                        qsubi[idx] = sub_shift + p * s1d1CtrlP_num + i\n",
    "                        qsubj[idx] = sub_shift + p * s1d1CtrlP_num + j\n",
    "\n",
    "                        if min_order_l == min_order_u:\n",
    "                            qval[idx] = MQM[i][j] / (scale_k ** (2 * min_order_u - 3))\n",
    "                        else:\n",
    "                            qval[idx] = ((minimize_order - min_order_l) / (scale_k ** (2 * min_order_u - 3)) +\n",
    "                                         (min_order_u - minimize_order) / (scale_k ** (2 * min_order_l - 3))) * MQM[i][j]\n",
    "                        idx += 1\n",
    "\n",
    "        sub_shift += s1CtrlP_num\n",
    "\n",
    "    return qval, qsubi, qsubj\n",
    "\n"
   ]
  },
  {
   "cell_type": "code",
   "execution_count": 52,
   "id": "9dd7a01e",
   "metadata": {},
   "outputs": [
    {
     "data": {
      "text/plain": [
       "252"
      ]
     },
     "execution_count": 52,
     "metadata": {},
     "output_type": "execute_result"
    }
   ],
   "source": [
    "minimize_order=3.0\n",
    "segment_num=3\n",
    "poly_order=6\n",
    "room_time= torch.tensor([3.80504758, 1.14997985, 0.83818007],dtype=torch.double)\n",
    "\n",
    "MQM=[[  2057.14285714,  -5142.85714286,   3497.14285714,   -102.85714286,\n",
    "    -102.85714286,   -102.85714286,   -102.85714286],\n",
    " [ -5142.85714286,  13577.14285714, -10182.85714286,    617.14285714,\n",
    "     617.14285714,    617.14285714,   -102.85714286],\n",
    " [  3497.14285714, -10182.85714286,  9257.14285714,  -1542.85714286,\n",
    "   -1542.85714286,    617.14285714,   -102.85714286],\n",
    " [  -102.85714286,    617.14285714,  -1542.85714286,   2057.14285714,\n",
    "   -1542.85714286,    617.14285714,   -102.85714286],\n",
    " [  -102.85714286,   617.14285714,  -1542.85714286,  -1542.85714286,\n",
    "    9257.14285714, -10182.85714286,   3497.14285714],\n",
    " [  -102.85714286,    617.14285714,    617.14285714,    617.14285714,\n",
    "  -10182.85714286,  13577.14285714,  -5142.85714286],\n",
    " [  -102.85714286,   -102.85714286,   -102.85714286,   -102.85714286,\n",
    "    3497.14285714,  -5142.85714286,   2057.14285714]]\n",
    "ptype = \"l\"\n",
    "\n",
    "myval, myrow, mycol= construct_P_matrix(minimize_order, segment_num, poly_order, room_time, MQM, ptype)\n",
    "from scipy.sparse import coo_matrix\n",
    "p_coomatrix = torch.sparse_coo_tensor((myrow, mycol), myval)\n",
    "len(myrow)"
   ]
  },
  {
   "cell_type": "code",
   "execution_count": 173,
   "id": "88a4ebd2",
   "metadata": {},
   "outputs": [
    {
     "name": "stdout",
     "output_type": "stream",
     "text": [
      "0.0007946491241455078\n"
     ]
    }
   ],
   "source": [
    "import torch\n",
    "import numpy as np\n",
    "from scipy.sparse import coo_matrix\n",
    "import time\n",
    "T=10000\n",
    "s=time.time()\n",
    "row = np.arange(T)\n",
    "col = np.arange(T)\n",
    "c=np.ones(T)\n",
    "val=np.ones(T)\n",
    "p = coo_matrix((val,(row, col)))\n",
    "\n",
    "p=p.dot(c)\n",
    "# # print(\"time\", time.time()-s)\n",
    "# p.dot(c)\n",
    "\n",
    "print(time.time()-s)\n"
   ]
  },
  {
   "cell_type": "code",
   "execution_count": 172,
   "id": "16428da3",
   "metadata": {},
   "outputs": [
    {
     "name": "stdout",
     "output_type": "stream",
     "text": [
      "time 0.037537336349487305\n"
     ]
    }
   ],
   "source": [
    "v=time.time()\n",
    "D = np.eye(T)\n",
    "D @ c\n",
    "print(\"time\", time.time()-v)"
   ]
  },
  {
   "cell_type": "code",
   "execution_count": 195,
   "id": "4b40913e",
   "metadata": {},
   "outputs": [
    {
     "name": "stdout",
     "output_type": "stream",
     "text": [
      "time 0.0027399063110351562\n"
     ]
    }
   ],
   "source": [
    "import torch\n",
    "import numpy as np\n",
    "from scipy.sparse import coo_matrix\n",
    "v=time.time()\n",
    "T=10000\n",
    "\n",
    "row = np.arange(T)\n",
    "col = np.arange(T)\n",
    "c=torch.ones(T)\n",
    "val=torch.ones(T,dtype=torch.double)\n",
    "p = torch.sparse_coo_tensor((row, col),val)\n",
    "\n",
    "p1=p.multiply(c)\n",
    "print(\"time\", time.time()-v)"
   ]
  },
  {
   "cell_type": "code",
   "execution_count": 196,
   "id": "b53be343",
   "metadata": {},
   "outputs": [
    {
     "name": "stdout",
     "output_type": "stream",
     "text": [
      "time 0.07256722450256348\n"
     ]
    }
   ],
   "source": [
    "v=time.time()\n",
    "D = torch.eye(T)\n",
    "D@c\n",
    "print(\"time\", time.time()-v)"
   ]
  },
  {
   "cell_type": "code",
   "execution_count": 197,
   "id": "9b418b3e",
   "metadata": {},
   "outputs": [
    {
     "data": {
      "text/plain": [
       "tensor([1., 1., 1.,  ..., 1., 1., 1.], dtype=torch.float64)"
      ]
     },
     "execution_count": 197,
     "metadata": {},
     "output_type": "execute_result"
    }
   ],
   "source": [
    "p1.coalesce().values()"
   ]
  },
  {
   "cell_type": "code",
   "execution_count": 284,
   "id": "70e195a1",
   "metadata": {},
   "outputs": [
    {
     "name": "stdout",
     "output_type": "stream",
     "text": [
      "tensor([[2.],\n",
      "        [1.]], dtype=torch.float64)\n"
     ]
    }
   ],
   "source": [
    "row=[0,0,1]\n",
    "col=[0,1,0]\n",
    "val=torch.ones(3,dtype=torch.double)\n",
    "p=torch.sparse_coo_tensor((row, col),val)\n",
    "\n",
    "c=torch.tensor([2*[1]],dtype=torch.double)\n",
    "p_csr = p.to_sparse_csr()\n",
    "# result = torch.sparse.mm(p_csr, c.T)\n",
    "result = torch.mm(p, c.T)\n",
    "print(result)\n"
   ]
  },
  {
   "cell_type": "code",
   "execution_count": 241,
   "id": "60d1e10a",
   "metadata": {},
   "outputs": [
    {
     "data": {
      "text/plain": [
       "tensor([[0., 0., 0., 0., 0., 0., 0., 0., 0., 0.]], dtype=torch.float64)"
      ]
     },
     "execution_count": 241,
     "metadata": {},
     "output_type": "execute_result"
    }
   ],
   "source": [
    "torch.tensor([10*[0]],dtype=torch.double)"
   ]
  },
  {
   "cell_type": "code",
   "execution_count": 6,
   "id": "e6aa2949",
   "metadata": {},
   "outputs": [
    {
     "name": "stdout",
     "output_type": "stream",
     "text": [
      "<class 'numpy.ndarray'>\n"
     ]
    }
   ],
   "source": [
    "import numpy as np\n",
    "\n",
    "print(type(np.array([1])))"
   ]
  },
  {
   "cell_type": "code",
   "execution_count": null,
   "id": "43b0c596",
   "metadata": {},
   "outputs": [],
   "source": []
  }
 ],
 "metadata": {
  "kernelspec": {
   "display_name": "Python 3 (ipykernel)",
   "language": "python",
   "name": "python3"
  },
  "language_info": {
   "codemirror_mode": {
    "name": "ipython",
    "version": 3
   },
   "file_extension": ".py",
   "mimetype": "text/x-python",
   "name": "python",
   "nbconvert_exporter": "python",
   "pygments_lexer": "ipython3",
   "version": "3.11.5"
  }
 },
 "nbformat": 4,
 "nbformat_minor": 5
}
